Scores for Cropped_1
KNN with 1 neighbors:
{'test_score': array([0.55263158, 0.5       , 0.52631579, 0.56756757, 0.40540541,
       0.48648649, 0.45945946, 0.48648649, 0.54054054, 0.45945946]), 'train_score': array([1., 1., 1., 1., 1., 1., 1., 1., 1., 1.])}
KNN with 3 neighbors:
{'test_score': array([0.65789474, 0.47368421, 0.5       , 0.59459459, 0.43243243,
       0.59459459, 0.45945946, 0.59459459, 0.48648649, 0.48648649]), 'train_score': array([0.7880597 , 0.7641791 , 0.77313433, 0.76785714, 0.79166667,
       0.80059524, 0.77380952, 0.76488095, 0.78869048, 0.7797619 ])}
KNN with 5 neighbors:
{'test_score': array([0.60526316, 0.60526316, 0.5       , 0.59459459, 0.51351351,
       0.62162162, 0.48648649, 0.59459459, 0.54054054, 0.56756757]), 'train_score': array([0.70746269, 0.71044776, 0.71940299, 0.70535714, 0.72619048,
       0.74404762, 0.71428571, 0.70833333, 0.70535714, 0.71130952])}
KNN with 7 neighbors:
{'test_score': array([0.63157895, 0.52631579, 0.57894737, 0.54054054, 0.54054054,
       0.62162162, 0.56756757, 0.59459459, 0.51351351, 0.59459459]), 'train_score': array([0.70447761, 0.71044776, 0.71343284, 0.69940476, 0.7172619 ,
       0.71428571, 0.73511905, 0.72916667, 0.70535714, 0.71428571])}
KNN with 9 neighbors:
{'test_score': array([0.63157895, 0.5       , 0.47368421, 0.56756757, 0.54054054,
       0.56756757, 0.48648649, 0.62162162, 0.59459459, 0.54054054]), 'train_score': array([0.67164179, 0.67462687, 0.70447761, 0.69345238, 0.66369048,
       0.69642857, 0.70535714, 0.67261905, 0.66369048, 0.67857143])}
KNN with 11 neighbors:
{'test_score': array([0.63157895, 0.55263158, 0.47368421, 0.64864865, 0.54054054,
       0.56756757, 0.48648649, 0.62162162, 0.54054054, 0.48648649]), 'train_score': array([0.6238806 , 0.64477612, 0.65970149, 0.63988095, 0.66964286,
       0.66369048, 0.67559524, 0.6577381 , 0.65178571, 0.67857143])}

Scores for Cropped_2
KNN with 1 neighbors:
{'test_score': array([0.34210526, 0.47368421, 0.5       , 0.62162162, 0.43243243,
       0.51351351, 0.56756757, 0.51351351, 0.56756757, 0.54054054]), 'train_score': array([1., 1., 1., 1., 1., 1., 1., 1., 1., 1.])}
KNN with 3 neighbors:
{'test_score': array([0.34210526, 0.57894737, 0.5       , 0.56756757, 0.40540541,
       0.37837838, 0.51351351, 0.59459459, 0.64864865, 0.59459459]), 'train_score': array([0.76119403, 0.74029851, 0.74029851, 0.76190476, 0.72619048,
       0.75595238, 0.74404762, 0.73511905, 0.72619048, 0.73809524])}
KNN with 5 neighbors:
{'test_score': array([0.34210526, 0.63157895, 0.47368421, 0.62162162, 0.51351351,
       0.45945946, 0.51351351, 0.43243243, 0.62162162, 0.62162162]), 'train_score': array([0.72238806, 0.69552239, 0.71940299, 0.73214286, 0.72321429,
       0.7202381 , 0.70535714, 0.71130952, 0.70535714, 0.71130952])}
KNN with 7 neighbors:
{'test_score': array([0.36842105, 0.65789474, 0.55263158, 0.56756757, 0.54054054,
       0.45945946, 0.59459459, 0.56756757, 0.56756757, 0.56756757]), 'train_score': array([0.66268657, 0.65970149, 0.66268657, 0.66071429, 0.69047619,
       0.69940476, 0.69047619, 0.69642857, 0.6577381 , 0.67857143])}
KNN with 9 neighbors:
{'test_score': array([0.36842105, 0.55263158, 0.52631579, 0.67567568, 0.51351351,
       0.40540541, 0.56756757, 0.54054054, 0.62162162, 0.51351351]), 'train_score': array([0.65671642, 0.64477612, 0.66268657, 0.6577381 , 0.68154762,
       0.69940476, 0.66964286, 0.68452381, 0.66071429, 0.65178571])}
KNN with 11 neighbors:
{'test_score': array([0.34210526, 0.60526316, 0.5       , 0.64864865, 0.45945946,
       0.48648649, 0.56756757, 0.59459459, 0.56756757, 0.45945946]), 'train_score': array([0.68059701, 0.65970149, 0.66567164, 0.62797619, 0.66071429,
       0.68452381, 0.64880952, 0.65178571, 0.6547619 , 0.65178571])}

Scores for Cropped_3
KNN with 1 neighbors:
{'test_score': array([0.52631579, 0.63157895, 0.57894737, 0.56756757, 0.56756757,
       0.48648649, 0.45945946, 0.62162162, 0.64864865, 0.54054054]), 'train_score': array([1., 1., 1., 1., 1., 1., 1., 1., 1., 1.])}
KNN with 3 neighbors:
{'test_score': array([0.60526316, 0.78947368, 0.44736842, 0.54054054, 0.48648649,
       0.35135135, 0.54054054, 0.45945946, 0.59459459, 0.56756757]), 'train_score': array([0.77313433, 0.80298507, 0.80298507, 0.7827381 , 0.78869048,
       0.79464286, 0.8125    , 0.77380952, 0.79166667, 0.7797619 ])}
KNN with 5 neighbors:
{'test_score': array([0.52631579, 0.65789474, 0.44736842, 0.45945946, 0.59459459,
       0.48648649, 0.56756757, 0.51351351, 0.59459459, 0.54054054]), 'train_score': array([0.70746269, 0.71940299, 0.74328358, 0.73214286, 0.72321429,
       0.73214286, 0.72619048, 0.71428571, 0.71428571, 0.72619048])}
KNN with 7 neighbors:
{'test_score': array([0.57894737, 0.60526316, 0.42105263, 0.51351351, 0.62162162,
       0.48648649, 0.59459459, 0.51351351, 0.45945946, 0.64864865]), 'train_score': array([0.67462687, 0.68059701, 0.70149254, 0.69047619, 0.69345238,
       0.69940476, 0.69345238, 0.69047619, 0.66666667, 0.68154762])}
KNN with 9 neighbors:
{'test_score': array([0.5       , 0.65789474, 0.47368421, 0.54054054, 0.62162162,
       0.56756757, 0.56756757, 0.51351351, 0.54054054, 0.59459459]), 'train_score': array([0.68059701, 0.68656716, 0.68059701, 0.67857143, 0.67857143,
       0.70238095, 0.6547619 , 0.66666667, 0.67857143, 0.6875    ])}
KNN with 11 neighbors:
{'test_score': array([0.47368421, 0.65789474, 0.5       , 0.54054054, 0.62162162,
       0.54054054, 0.51351351, 0.54054054, 0.48648649, 0.56756757]), 'train_score': array([0.65074627, 0.62985075, 0.68656716, 0.64583333, 0.65178571,
       0.67261905, 0.66964286, 0.66666667, 0.6547619 , 0.6547619 ])}

Scores for Cropped_4
KNN with 1 neighbors:
{'test_score': array([0.39473684, 0.57894737, 0.47368421, 0.59459459, 0.51351351,
       0.54054054, 0.48648649, 0.56756757, 0.43243243, 0.62162162]), 'train_score': array([1., 1., 1., 1., 1., 1., 1., 1., 1., 1.])}
KNN with 3 neighbors:
{'test_score': array([0.44736842, 0.55263158, 0.47368421, 0.54054054, 0.59459459,
       0.45945946, 0.56756757, 0.62162162, 0.43243243, 0.62162162]), 'train_score': array([0.80895522, 0.7761194 , 0.79104478, 0.75595238, 0.77678571,
       0.7827381 , 0.74404762, 0.76785714, 0.7797619 , 0.74702381])}
KNN with 5 neighbors:
{'test_score': array([0.47368421, 0.60526316, 0.52631579, 0.45945946, 0.67567568,
       0.59459459, 0.67567568, 0.62162162, 0.59459459, 0.56756757]), 'train_score': array([0.72238806, 0.72238806, 0.73134328, 0.70535714, 0.7202381 ,
       0.75595238, 0.72916667, 0.72321429, 0.72619048, 0.71428571])}
KNN with 7 neighbors:
{'test_score': array([0.44736842, 0.60526316, 0.52631579, 0.56756757, 0.59459459,
       0.45945946, 0.62162162, 0.51351351, 0.59459459, 0.51351351]), 'train_score': array([0.70149254, 0.70746269, 0.70149254, 0.6875    , 0.73214286,
       0.72619048, 0.71130952, 0.73214286, 0.71130952, 0.69940476])}
KNN with 9 neighbors:
{'test_score': array([0.36842105, 0.55263158, 0.55263158, 0.56756757, 0.59459459,
       0.45945946, 0.59459459, 0.62162162, 0.59459459, 0.59459459]), 'train_score': array([0.68955224, 0.67761194, 0.68955224, 0.67857143, 0.69047619,
       0.75      , 0.6875    , 0.68154762, 0.68154762, 0.67559524])}
KNN with 11 neighbors:
{'test_score': array([0.36842105, 0.60526316, 0.52631579, 0.62162162, 0.54054054,
       0.32432432, 0.59459459, 0.64864865, 0.56756757, 0.67567568]), 'train_score': array([0.67164179, 0.68955224, 0.67761194, 0.66071429, 0.6547619 ,
       0.6875    , 0.66369048, 0.67559524, 0.6875    , 0.66071429])}

Scores for Cropped_5
KNN with 1 neighbors:
{'test_score': array([0.52631579, 0.57894737, 0.44736842, 0.59459459, 0.56756757,
       0.62162162, 0.59459459, 0.51351351, 0.64864865, 0.62162162]), 'train_score': array([1., 1., 1., 1., 1., 1., 1., 1., 1., 1.])}
KNN with 3 neighbors:
{'test_score': array([0.52631579, 0.57894737, 0.55263158, 0.62162162, 0.45945946,
       0.43243243, 0.43243243, 0.62162162, 0.59459459, 0.67567568]), 'train_score': array([0.78507463, 0.79402985, 0.8       , 0.78869048, 0.80952381,
       0.79761905, 0.79464286, 0.80357143, 0.78869048, 0.7827381 ])}
KNN with 5 neighbors:
{'test_score': array([0.52631579, 0.60526316, 0.47368421, 0.56756757, 0.37837838,
       0.54054054, 0.43243243, 0.56756757, 0.54054054, 0.56756757]), 'train_score': array([0.72238806, 0.70447761, 0.70746269, 0.70535714, 0.7202381 ,
       0.69345238, 0.71130952, 0.70833333, 0.69642857, 0.69047619])}
KNN with 7 neighbors:
{'test_score': array([0.5       , 0.55263158, 0.47368421, 0.51351351, 0.43243243,
       0.48648649, 0.51351351, 0.64864865, 0.62162162, 0.51351351]), 'train_score': array([0.68059701, 0.66865672, 0.69552239, 0.66071429, 0.68154762,
       0.6547619 , 0.66964286, 0.67559524, 0.69940476, 0.64285714])}
KNN with 9 neighbors:
{'test_score': array([0.52631579, 0.52631579, 0.47368421, 0.51351351, 0.43243243,
       0.45945946, 0.48648649, 0.59459459, 0.48648649, 0.54054054]), 'train_score': array([0.68955224, 0.63283582, 0.65671642, 0.64880952, 0.64880952,
       0.6577381 , 0.67261905, 0.64583333, 0.6547619 , 0.63690476])}
KNN with 11 neighbors:
{'test_score': array([0.52631579, 0.57894737, 0.44736842, 0.48648649, 0.45945946,
       0.48648649, 0.51351351, 0.64864865, 0.54054054, 0.48648649]), 'train_score': array([0.64477612, 0.62089552, 0.65970149, 0.66666667, 0.65178571,
       0.66071429, 0.67261905, 0.63095238, 0.62797619, 0.63095238])}

Scores for Cropped_6
KNN with 1 neighbors:
{'test_score': array([0.47368421, 0.60526316, 0.5       , 0.62162162, 0.48648649,
       0.59459459, 0.62162162, 0.40540541, 0.48648649, 0.67567568]), 'train_score': array([1., 1., 1., 1., 1., 1., 1., 1., 1., 1.])}
KNN with 3 neighbors:
{'test_score': array([0.5       , 0.63157895, 0.44736842, 0.54054054, 0.51351351,
       0.48648649, 0.51351351, 0.40540541, 0.59459459, 0.62162162]), 'train_score': array([0.79402985, 0.7761194 , 0.77014925, 0.75892857, 0.79166667,
       0.77083333, 0.76785714, 0.79166667, 0.77083333, 0.77083333])}
KNN with 5 neighbors:
{'test_score': array([0.5       , 0.57894737, 0.47368421, 0.62162162, 0.54054054,
       0.45945946, 0.48648649, 0.56756757, 0.67567568, 0.62162162]), 'train_score': array([0.72537313, 0.71940299, 0.73731343, 0.70535714, 0.72321429,
       0.70535714, 0.7202381 , 0.72916667, 0.70833333, 0.72619048])}
KNN with 7 neighbors:
{'test_score': array([0.44736842, 0.57894737, 0.47368421, 0.54054054, 0.62162162,
       0.45945946, 0.54054054, 0.54054054, 0.72972973, 0.59459459]), 'train_score': array([0.70447761, 0.69552239, 0.69850746, 0.68154762, 0.72321429,
       0.70535714, 0.70833333, 0.70833333, 0.6875    , 0.68452381])}
KNN with 9 neighbors:
{'test_score': array([0.42105263, 0.55263158, 0.47368421, 0.56756757, 0.48648649,
       0.40540541, 0.51351351, 0.54054054, 0.7027027 , 0.56756757]), 'train_score': array([0.69253731, 0.66865672, 0.68358209, 0.6547619 , 0.67857143,
       0.64583333, 0.69642857, 0.69047619, 0.66666667, 0.68154762])}
KNN with 11 neighbors:
{'test_score': array([0.42105263, 0.60526316, 0.52631579, 0.56756757, 0.51351351,
       0.51351351, 0.54054054, 0.56756757, 0.78378378, 0.56756757]), 'train_score': array([0.68656716, 0.65074627, 0.66567164, 0.63392857, 0.67559524,
       0.63988095, 0.66964286, 0.68452381, 0.67559524, 0.66071429])}

Scores for Cropped_7
KNN with 1 neighbors:
{'test_score': array([0.44736842, 0.63157895, 0.55263158, 0.51351351, 0.48648649,
       0.48648649, 0.62162162, 0.7027027 , 0.62162162, 0.59459459]), 'train_score': array([1., 1., 1., 1., 1., 1., 1., 1., 1., 1.])}
KNN with 3 neighbors:
{'test_score': array([0.5       , 0.57894737, 0.55263158, 0.51351351, 0.56756757,
       0.54054054, 0.64864865, 0.54054054, 0.56756757, 0.48648649]), 'train_score': array([0.81791045, 0.7880597 , 0.80895522, 0.8125    , 0.82142857,
       0.82738095, 0.80059524, 0.8125    , 0.80654762, 0.8125    ])}
KNN with 5 neighbors:
{'test_score': array([0.5       , 0.55263158, 0.57894737, 0.54054054, 0.56756757,
       0.51351351, 0.7027027 , 0.62162162, 0.62162162, 0.54054054]), 'train_score': array([0.74925373, 0.73134328, 0.73134328, 0.76785714, 0.75      ,
       0.75      , 0.73214286, 0.75892857, 0.72619048, 0.71428571])}
KNN with 7 neighbors:
{'test_score': array([0.47368421, 0.52631579, 0.52631579, 0.56756757, 0.56756757,
       0.51351351, 0.67567568, 0.62162162, 0.7027027 , 0.48648649]), 'train_score': array([0.69850746, 0.68656716, 0.71343284, 0.71428571, 0.70833333,
       0.70833333, 0.68154762, 0.70238095, 0.68452381, 0.70535714])}
KNN with 9 neighbors:
{'test_score': array([0.5       , 0.5       , 0.63157895, 0.56756757, 0.56756757,
       0.45945946, 0.67567568, 0.64864865, 0.62162162, 0.54054054]), 'train_score': array([0.70149254, 0.67164179, 0.67164179, 0.68452381, 0.68154762,
       0.69940476, 0.6577381 , 0.67559524, 0.68452381, 0.69642857])}
KNN with 11 neighbors:
{'test_score': array([0.55263158, 0.52631579, 0.63157895, 0.64864865, 0.51351351,
       0.45945946, 0.64864865, 0.64864865, 0.56756757, 0.51351351]), 'train_score': array([0.69253731, 0.65373134, 0.64477612, 0.66071429, 0.66369048,
       0.68154762, 0.64880952, 0.66071429, 0.6577381 , 0.67559524])}

Scores for Cropped_8
KNN with 1 neighbors:
{'test_score': array([0.44736842, 0.47368421, 0.57894737, 0.40540541, 0.51351351,
       0.59459459, 0.51351351, 0.45945946, 0.7027027 , 0.59459459]), 'train_score': array([1., 1., 1., 1., 1., 1., 1., 1., 1., 1.])}
KNN with 3 neighbors:
{'test_score': array([0.34210526, 0.5       , 0.44736842, 0.48648649, 0.51351351,
       0.56756757, 0.43243243, 0.56756757, 0.54054054, 0.48648649]), 'train_score': array([0.77014925, 0.75522388, 0.74626866, 0.74702381, 0.76488095,
       0.76488095, 0.75595238, 0.76785714, 0.74107143, 0.73511905])}
KNN with 5 neighbors:
{'test_score': array([0.44736842, 0.52631579, 0.36842105, 0.54054054, 0.59459459,
       0.56756757, 0.37837838, 0.67567568, 0.54054054, 0.56756757]), 'train_score': array([0.71940299, 0.68656716, 0.71940299, 0.69345238, 0.69345238,
       0.69345238, 0.70535714, 0.6875    , 0.68452381, 0.6875    ])}
KNN with 7 neighbors:
{'test_score': array([0.55263158, 0.47368421, 0.39473684, 0.54054054, 0.56756757,
       0.59459459, 0.48648649, 0.62162162, 0.56756757, 0.64864865]), 'train_score': array([0.67462687, 0.69552239, 0.68955224, 0.67857143, 0.67857143,
       0.67857143, 0.68452381, 0.67857143, 0.67857143, 0.67261905])}
KNN with 9 neighbors:
{'test_score': array([0.55263158, 0.5       , 0.34210526, 0.56756757, 0.48648649,
       0.51351351, 0.59459459, 0.56756757, 0.64864865, 0.54054054]), 'train_score': array([0.66268657, 0.65970149, 0.67462687, 0.67857143, 0.68154762,
       0.66369048, 0.67559524, 0.6577381 , 0.67261905, 0.67857143])}
KNN with 11 neighbors:
{'test_score': array([0.44736842, 0.55263158, 0.5       , 0.59459459, 0.54054054,
       0.56756757, 0.59459459, 0.59459459, 0.64864865, 0.45945946]), 'train_score': array([0.63283582, 0.65970149, 0.67164179, 0.64880952, 0.68154762,
       0.6547619 , 0.63095238, 0.66071429, 0.63392857, 0.66666667])}

Cropped_3 has the best test score (0.7894736842105263) with n_neighbor = 3