Scores for Cropped_1_1
KNN with 1 neighbors:
{'test_score': array([0.5       , 0.5       , 0.47058824, 0.52941176, 0.61764706,
       0.5       , 0.45454545, 0.51515152, 0.51515152, 0.54545455]), 'train_score': array([1., 1., 1., 1., 1., 1., 1., 1., 1., 1.])}
KNN with 3 neighbors:
{'test_score': array([0.58823529, 0.47058824, 0.47058824, 0.44117647, 0.55882353,
       0.5       , 0.48484848, 0.51515152, 0.57575758, 0.57575758]), 'train_score': array([0.75496689, 0.77152318, 0.74172185, 0.78476821, 0.74834437,
       0.76490066, 0.7689769 , 0.7689769 , 0.74257426, 0.77227723])}
KNN with 5 neighbors:
{'test_score': array([0.5       , 0.44117647, 0.44117647, 0.44117647, 0.61764706,
       0.58823529, 0.51515152, 0.45454545, 0.48484848, 0.60606061]), 'train_score': array([0.67549669, 0.70529801, 0.68874172, 0.69205298, 0.66887417,
       0.69536424, 0.68976898, 0.67986799, 0.669967  , 0.67326733])}
KNN with 7 neighbors:
{'test_score': array([0.5       , 0.41176471, 0.52941176, 0.5       , 0.58823529,
       0.52941176, 0.60606061, 0.51515152, 0.54545455, 0.57575758]), 'train_score': array([0.62251656, 0.64900662, 0.62913907, 0.63245033, 0.6192053 ,
       0.63576159, 0.64026403, 0.62046205, 0.62376238, 0.62706271])}
KNN with 9 neighbors:
{'test_score': array([0.55882353, 0.47058824, 0.47058824, 0.52941176, 0.55882353,
       0.5       , 0.60606061, 0.51515152, 0.60606061, 0.54545455]), 'train_score': array([0.62913907, 0.6589404 , 0.63907285, 0.64569536, 0.64569536,
       0.63576159, 0.66336634, 0.64026403, 0.61056106, 0.61716172])}
KNN with 11 neighbors:
{'test_score': array([0.52941176, 0.44117647, 0.47058824, 0.47058824, 0.58823529,
       0.58823529, 0.54545455, 0.51515152, 0.57575758, 0.57575758]), 'train_score': array([0.6192053 , 0.63907285, 0.64569536, 0.60596026, 0.6192053 ,
       0.61258278, 0.64356436, 0.63366337, 0.62376238, 0.61716172])}

Scores for Cropped_1_2
KNN with 1 neighbors:
{'test_score': array([0.47058824, 0.44117647, 0.55882353, 0.61764706, 0.61764706,
       0.52941176, 0.48484848, 0.42424242, 0.66666667, 0.45454545]), 'train_score': array([1., 1., 1., 1., 1., 1., 1., 1., 1., 1.])}
KNN with 3 neighbors:
{'test_score': array([0.44117647, 0.52941176, 0.47058824, 0.61764706, 0.44117647,
       0.58823529, 0.48484848, 0.48484848, 0.60606061, 0.51515152]), 'train_score': array([0.7781457 , 0.7781457 , 0.73178808, 0.74503311, 0.74503311,
       0.74172185, 0.77557756, 0.76567657, 0.7689769 , 0.76237624])}
KNN with 5 neighbors:
{'test_score': array([0.41176471, 0.58823529, 0.47058824, 0.64705882, 0.38235294,
       0.55882353, 0.60606061, 0.60606061, 0.54545455, 0.60606061]), 'train_score': array([0.72516556, 0.72847682, 0.68543046, 0.69205298, 0.7218543 ,
       0.70529801, 0.70957096, 0.68316832, 0.72277228, 0.69306931])}
KNN with 7 neighbors:
{'test_score': array([0.41176471, 0.5       , 0.47058824, 0.52941176, 0.44117647,
       0.52941176, 0.60606061, 0.54545455, 0.57575758, 0.6969697 ]), 'train_score': array([0.70529801, 0.6986755 , 0.69536424, 0.68874172, 0.70198675,
       0.67218543, 0.67986799, 0.66006601, 0.68976898, 0.66006601])}
KNN with 9 neighbors:
{'test_score': array([0.44117647, 0.67647059, 0.5       , 0.55882353, 0.35294118,
       0.52941176, 0.66666667, 0.48484848, 0.54545455, 0.63636364]), 'train_score': array([0.68543046, 0.6589404 , 0.65231788, 0.65562914, 0.66556291,
       0.69205298, 0.65346535, 0.66336634, 0.68976898, 0.64026403])}
KNN with 11 neighbors:
{'test_score': array([0.41176471, 0.67647059, 0.5       , 0.52941176, 0.44117647,
       0.47058824, 0.6969697 , 0.48484848, 0.54545455, 0.6969697 ]), 'train_score': array([0.68874172, 0.68543046, 0.65231788, 0.64900662, 0.66556291,
       0.6589404 , 0.62706271, 0.65346535, 0.65676568, 0.64026403])}

Scores for Cropped_1_3
KNN with 1 neighbors:
{'test_score': array([0.32352941, 0.41176471, 0.58823529, 0.52941176, 0.47058824,
       0.67647059, 0.51515152, 0.54545455, 0.54545455, 0.51515152]), 'train_score': array([1., 1., 1., 1., 1., 1., 1., 1., 1., 1.])}
KNN with 3 neighbors:
{'test_score': array([0.47058824, 0.47058824, 0.52941176, 0.52941176, 0.35294118,
       0.67647059, 0.51515152, 0.57575758, 0.45454545, 0.48484848]), 'train_score': array([0.78145695, 0.78476821, 0.7781457 , 0.78476821, 0.81125828,
       0.7615894 , 0.77227723, 0.79867987, 0.77887789, 0.78877888])}
KNN with 5 neighbors:
{'test_score': array([0.47058824, 0.52941176, 0.58823529, 0.5       , 0.44117647,
       0.55882353, 0.60606061, 0.57575758, 0.45454545, 0.42424242]), 'train_score': array([0.70529801, 0.7218543 , 0.71523179, 0.74503311, 0.75165563,
       0.73509934, 0.69966997, 0.71287129, 0.69966997, 0.71287129])}
KNN with 7 neighbors:
{'test_score': array([0.58823529, 0.55882353, 0.52941176, 0.44117647, 0.44117647,
       0.52941176, 0.54545455, 0.60606061, 0.45454545, 0.45454545]), 'train_score': array([0.63907285, 0.67218543, 0.67218543, 0.68543046, 0.66887417,
       0.64900662, 0.65016502, 0.67326733, 0.64026403, 0.65676568])}
KNN with 9 neighbors:
{'test_score': array([0.55882353, 0.44117647, 0.55882353, 0.47058824, 0.38235294,
       0.58823529, 0.54545455, 0.42424242, 0.42424242, 0.51515152]), 'train_score': array([0.62251656, 0.63245033, 0.63576159, 0.63907285, 0.62913907,
       0.62251656, 0.63036304, 0.63366337, 0.62706271, 0.6369637 ])}
KNN with 11 neighbors:
{'test_score': array([0.52941176, 0.55882353, 0.55882353, 0.44117647, 0.41176471,
       0.61764706, 0.54545455, 0.51515152, 0.42424242, 0.42424242]), 'train_score': array([0.60927152, 0.60927152, 0.6192053 , 0.64569536, 0.62913907,
       0.62582781, 0.61056106, 0.62046205, 0.60726073, 0.65676568])}

Scores for Cropped_1_4
KNN with 1 neighbors:
{'test_score': array([0.58823529, 0.52941176, 0.52941176, 0.52941176, 0.55882353,
       0.58823529, 0.57575758, 0.60606061, 0.60606061, 0.39393939]), 'train_score': array([1., 1., 1., 1., 1., 1., 1., 1., 1., 1.])}
KNN with 3 neighbors:
{'test_score': array([0.64705882, 0.5       , 0.58823529, 0.52941176, 0.61764706,
       0.52941176, 0.66666667, 0.54545455, 0.66666667, 0.48484848]), 'train_score': array([0.78807947, 0.79139073, 0.7781457 , 0.7781457 , 0.78476821,
       0.77152318, 0.78877888, 0.79207921, 0.75247525, 0.8019802 ])}
KNN with 5 neighbors:
{'test_score': array([0.52941176, 0.47058824, 0.55882353, 0.55882353, 0.55882353,
       0.55882353, 0.60606061, 0.51515152, 0.60606061, 0.51515152]), 'train_score': array([0.72516556, 0.7384106 , 0.70860927, 0.72847682, 0.71192053,
       0.72516556, 0.72607261, 0.7359736 , 0.7029703 , 0.73267327])}
KNN with 7 neighbors:
{'test_score': array([0.64705882, 0.47058824, 0.61764706, 0.58823529, 0.52941176,
       0.64705882, 0.54545455, 0.54545455, 0.57575758, 0.63636364]), 'train_score': array([0.68211921, 0.68543046, 0.67549669, 0.67549669, 0.66556291,
       0.67218543, 0.68316832, 0.66666667, 0.65016502, 0.67326733])}
KNN with 9 neighbors:
{'test_score': array([0.64705882, 0.47058824, 0.55882353, 0.52941176, 0.52941176,
       0.58823529, 0.42424242, 0.48484848, 0.51515152, 0.57575758]), 'train_score': array([0.66225166, 0.66887417, 0.66225166, 0.63576159, 0.6589404 ,
       0.66556291, 0.65346535, 0.64356436, 0.64026403, 0.66006601])}
KNN with 11 neighbors:
{'test_score': array([0.64705882, 0.44117647, 0.5       , 0.47058824, 0.5       ,
       0.55882353, 0.51515152, 0.63636364, 0.54545455, 0.51515152]), 'train_score': array([0.62582781, 0.66225166, 0.64238411, 0.64238411, 0.65231788,
       0.63576159, 0.63366337, 0.62376238, 0.6369637 , 0.64686469])}

Scores for Cropped_1_5
KNN with 1 neighbors:
{'test_score': array([0.70588235, 0.61764706, 0.64705882, 0.58823529, 0.5       ,
       0.64705882, 0.45454545, 0.45454545, 0.51515152, 0.63636364]), 'train_score': array([1., 1., 1., 1., 1., 1., 1., 1., 1., 1.])}
KNN with 3 neighbors:
{'test_score': array([0.5       , 0.55882353, 0.5       , 0.52941176, 0.55882353,
       0.58823529, 0.45454545, 0.60606061, 0.48484848, 0.45454545]), 'train_score': array([0.74834437, 0.73509934, 0.73509934, 0.7384106 , 0.75827815,
       0.7615894 , 0.7359736 , 0.74917492, 0.77227723, 0.75247525])}
KNN with 5 neighbors:
{'test_score': array([0.55882353, 0.47058824, 0.52941176, 0.64705882, 0.5       ,
       0.58823529, 0.45454545, 0.60606061, 0.48484848, 0.48484848]), 'train_score': array([0.69536424, 0.70860927, 0.67218543, 0.68874172, 0.70860927,
       0.67549669, 0.68976898, 0.68316832, 0.69966997, 0.67326733])}
KNN with 7 neighbors:
{'test_score': array([0.55882353, 0.47058824, 0.58823529, 0.58823529, 0.55882353,
       0.61764706, 0.48484848, 0.66666667, 0.45454545, 0.45454545]), 'train_score': array([0.64569536, 0.67880795, 0.65231788, 0.6589404 , 0.67880795,
       0.67880795, 0.67656766, 0.65346535, 0.67326733, 0.65016502])}
KNN with 9 neighbors:
{'test_score': array([0.55882353, 0.41176471, 0.5       , 0.58823529, 0.55882353,
       0.58823529, 0.45454545, 0.72727273, 0.57575758, 0.51515152]), 'train_score': array([0.65231788, 0.65562914, 0.66225166, 0.63245033, 0.67880795,
       0.66556291, 0.68646865, 0.64356436, 0.67656766, 0.64026403])}
KNN with 11 neighbors:
{'test_score': array([0.55882353, 0.52941176, 0.5       , 0.55882353, 0.55882353,
       0.52941176, 0.33333333, 0.66666667, 0.57575758, 0.57575758]), 'train_score': array([0.60927152, 0.62582781, 0.63245033, 0.63907285, 0.65231788,
       0.66225166, 0.669967  , 0.63036304, 0.62376238, 0.62046205])}

Scores for Cropped_1_6
KNN with 1 neighbors:
{'test_score': array([0.52941176, 0.47058824, 0.5       , 0.47058824, 0.61764706,
       0.5       , 0.57575758, 0.45454545, 0.45454545, 0.63636364]), 'train_score': array([1., 1., 1., 1., 1., 1., 1., 1., 1., 1.])}
KNN with 3 neighbors:
{'test_score': array([0.52941176, 0.44117647, 0.58823529, 0.64705882, 0.55882353,
       0.52941176, 0.51515152, 0.45454545, 0.45454545, 0.60606061]), 'train_score': array([0.69205298, 0.73509934, 0.7384106 , 0.7384106 , 0.72516556,
       0.72847682, 0.72277228, 0.71947195, 0.73927393, 0.74257426])}
KNN with 5 neighbors:
{'test_score': array([0.5       , 0.5       , 0.64705882, 0.61764706, 0.55882353,
       0.47058824, 0.51515152, 0.57575758, 0.42424242, 0.51515152]), 'train_score': array([0.66887417, 0.65562914, 0.6589404 , 0.6589404 , 0.6589404 ,
       0.67880795, 0.669967  , 0.68646865, 0.66006601, 0.69636964])}
KNN with 7 neighbors:
{'test_score': array([0.58823529, 0.52941176, 0.61764706, 0.58823529, 0.52941176,
       0.38235294, 0.60606061, 0.57575758, 0.48484848, 0.54545455]), 'train_score': array([0.63907285, 0.64569536, 0.63907285, 0.65231788, 0.64238411,
       0.66887417, 0.64026403, 0.66336634, 0.64026403, 0.669967  ])}
KNN with 9 neighbors:
{'test_score': array([0.52941176, 0.52941176, 0.55882353, 0.55882353, 0.55882353,
       0.44117647, 0.57575758, 0.60606061, 0.54545455, 0.60606061]), 'train_score': array([0.61589404, 0.59933775, 0.62582781, 0.66225166, 0.65562914,
       0.64569536, 0.63036304, 0.61716172, 0.62706271, 0.65346535])}
KNN with 11 neighbors:
{'test_score': array([0.61764706, 0.5       , 0.55882353, 0.55882353, 0.5       ,
       0.47058824, 0.63636364, 0.57575758, 0.51515152, 0.51515152]), 'train_score': array([0.60264901, 0.60264901, 0.62913907, 0.63245033, 0.62251656,
       0.62251656, 0.62376238, 0.61056106, 0.60726073, 0.63036304])}

Scores for Cropped_1_7
KNN with 1 neighbors:
{'test_score': array([0.52941176, 0.44117647, 0.47058824, 0.58823529, 0.47058824,
       0.5       , 0.51515152, 0.66666667, 0.39393939, 0.45454545]), 'train_score': array([1., 1., 1., 1., 1., 1., 1., 1., 1., 1.])}
KNN with 3 neighbors:
{'test_score': array([0.41176471, 0.58823529, 0.61764706, 0.5       , 0.55882353,
       0.44117647, 0.48484848, 0.54545455, 0.45454545, 0.51515152]), 'train_score': array([0.77152318, 0.77152318, 0.76821192, 0.7781457 , 0.76821192,
       0.75496689, 0.7689769 , 0.78547855, 0.75907591, 0.76237624])}
KNN with 5 neighbors:
{'test_score': array([0.52941176, 0.55882353, 0.55882353, 0.5       , 0.55882353,
       0.55882353, 0.48484848, 0.48484848, 0.45454545, 0.51515152]), 'train_score': array([0.72516556, 0.71854305, 0.68874172, 0.71523179, 0.6986755 ,
       0.68543046, 0.69966997, 0.70957096, 0.71617162, 0.70957096])}
KNN with 7 neighbors:
{'test_score': array([0.47058824, 0.52941176, 0.52941176, 0.58823529, 0.55882353,
       0.58823529, 0.51515152, 0.51515152, 0.51515152, 0.51515152]), 'train_score': array([0.68543046, 0.68543046, 0.65562914, 0.66225166, 0.66556291,
       0.65231788, 0.67326733, 0.63366337, 0.68976898, 0.67326733])}
KNN with 9 neighbors:
{'test_score': array([0.41176471, 0.52941176, 0.67647059, 0.58823529, 0.55882353,
       0.61764706, 0.51515152, 0.45454545, 0.42424242, 0.48484848]), 'train_score': array([0.65562914, 0.64569536, 0.65562914, 0.65231788, 0.6589404 ,
       0.63576159, 0.64686469, 0.62046205, 0.66006601, 0.66006601])}
KNN with 11 neighbors:
{'test_score': array([0.35294118, 0.61764706, 0.64705882, 0.55882353, 0.5       ,
       0.55882353, 0.48484848, 0.42424242, 0.51515152, 0.51515152]), 'train_score': array([0.65231788, 0.65231788, 0.63907285, 0.63245033, 0.63907285,
       0.61258278, 0.63366337, 0.64686469, 0.64356436, 0.65016502])}

Scores for Cropped_1_8
KNN with 1 neighbors:
{'test_score': array([0.41176471, 0.44117647, 0.5       , 0.44117647, 0.29411765,
       0.61764706, 0.51515152, 0.60606061, 0.45454545, 0.54545455]), 'train_score': array([1., 1., 1., 1., 1., 1., 1., 1., 1., 1.])}
KNN with 3 neighbors:
{'test_score': array([0.38235294, 0.55882353, 0.58823529, 0.61764706, 0.44117647,
       0.52941176, 0.54545455, 0.60606061, 0.51515152, 0.45454545]), 'train_score': array([0.75165563, 0.7384106 , 0.74503311, 0.73178808, 0.74172185,
       0.7218543 , 0.72607261, 0.70627063, 0.74257426, 0.72937294])}
KNN with 5 neighbors:
{'test_score': array([0.41176471, 0.61764706, 0.41176471, 0.52941176, 0.41176471,
       0.5       , 0.42424242, 0.66666667, 0.51515152, 0.45454545]), 'train_score': array([0.68211921, 0.65562914, 0.66556291, 0.66887417, 0.66556291,
       0.66556291, 0.66666667, 0.65676568, 0.67656766, 0.66666667])}
KNN with 7 neighbors:
{'test_score': array([0.58823529, 0.58823529, 0.44117647, 0.58823529, 0.55882353,
       0.55882353, 0.48484848, 0.60606061, 0.51515152, 0.51515152]), 'train_score': array([0.63907285, 0.66225166, 0.67218543, 0.6589404 , 0.66887417,
       0.60264901, 0.64356436, 0.61386139, 0.65346535, 0.64356436])}
KNN with 9 neighbors:
{'test_score': array([0.55882353, 0.52941176, 0.47058824, 0.55882353, 0.44117647,
       0.58823529, 0.48484848, 0.54545455, 0.48484848, 0.48484848]), 'train_score': array([0.61258278, 0.65231788, 0.64238411, 0.61589404, 0.66556291,
       0.61258278, 0.65676568, 0.61386139, 0.65676568, 0.61716172])}
KNN with 11 neighbors:
{'test_score': array([0.55882353, 0.52941176, 0.52941176, 0.55882353, 0.52941176,
       0.52941176, 0.54545455, 0.51515152, 0.48484848, 0.51515152]), 'train_score': array([0.64238411, 0.60596026, 0.63907285, 0.62582781, 0.62913907,
       0.60927152, 0.61716172, 0.61386139, 0.64686469, 0.64686469])}

Cropped_1_8 has the best test score (0.5803030303030304) with n_neighbor = 7 and standard deviation 0.05530796759349952 